{
 "cells": [
  {
   "cell_type": "code",
   "execution_count": 1,
   "id": "58208bd4",
   "metadata": {},
   "outputs": [],
   "source": [
    "import numpy as np"
   ]
  },
  {
   "cell_type": "code",
   "execution_count": 12,
   "id": "607772f6",
   "metadata": {},
   "outputs": [],
   "source": [
    "array = np.zeros((8,8))\n",
    "arraytranspose = np.zeros((8,8))"
   ]
  },
  {
   "cell_type": "code",
   "execution_count": 15,
   "id": "b19523da",
   "metadata": {},
   "outputs": [],
   "source": [
    "c = 1\n",
    "for i in range(len(array)):\n",
    "    for j in range(len(array)):\n",
    "        array[i,j]=c\n",
    "        arraytranspose[j, i]=c\n",
    "        c+=1\n",
    "        \n",
    "        "
   ]
  },
  {
   "cell_type": "code",
   "execution_count": 16,
   "id": "471b0bbb",
   "metadata": {},
   "outputs": [
    {
     "data": {
      "text/plain": [
       "array([[ 1.,  9., 17., 25., 33., 41., 49., 57.],\n",
       "       [ 2., 10., 18., 26., 34., 42., 50., 58.],\n",
       "       [ 3., 11., 19., 27., 35., 43., 51., 59.],\n",
       "       [ 4., 12., 20., 28., 36., 44., 52., 60.],\n",
       "       [ 5., 13., 21., 29., 37., 45., 53., 61.],\n",
       "       [ 6., 14., 22., 30., 38., 46., 54., 62.],\n",
       "       [ 7., 15., 23., 31., 39., 47., 55., 63.],\n",
       "       [ 8., 16., 24., 32., 40., 48., 56., 64.]])"
      ]
     },
     "execution_count": 16,
     "metadata": {},
     "output_type": "execute_result"
    }
   ],
   "source": [
    "arraytranspose"
   ]
  },
  {
   "cell_type": "code",
   "execution_count": 9,
   "id": "74ff4905",
   "metadata": {},
   "outputs": [
    {
     "data": {
      "text/plain": [
       "array([[ 1.,  2.,  3.,  4.,  5.,  6.,  7.,  8.],\n",
       "       [ 9., 10., 11., 12., 13., 14., 15., 16.],\n",
       "       [17., 18., 19., 20., 21., 22., 23., 24.],\n",
       "       [25., 26., 27., 28., 29., 30., 31., 32.],\n",
       "       [33., 34., 35., 36., 37., 38., 39., 40.],\n",
       "       [41., 42., 43., 44., 45., 46., 47., 48.],\n",
       "       [49., 50., 51., 52., 53., 54., 55., 56.],\n",
       "       [57., 58., 59., 60., 61., 62., 63., 64.]])"
      ]
     },
     "execution_count": 9,
     "metadata": {},
     "output_type": "execute_result"
    }
   ],
   "source": [
    "array"
   ]
  },
  {
   "cell_type": "code",
   "execution_count": 21,
   "id": "2f45a01a",
   "metadata": {},
   "outputs": [
    {
     "ename": "TypeError",
     "evalue": "'in <string>' requires string as left operand, not int",
     "output_type": "error",
     "traceback": [
      "\u001b[0;31m---------------------------------------------------------------------------\u001b[0m",
      "\u001b[0;31mTypeError\u001b[0m                                 Traceback (most recent call last)",
      "\u001b[0;32m/tmp/ipykernel_374/3918520372.py\u001b[0m in \u001b[0;36m<module>\u001b[0;34m\u001b[0m\n\u001b[0;32m----> 1\u001b[0;31m \u001b[0marray\u001b[0m\u001b[0;34m[\u001b[0m\u001b[0;36m3\u001b[0m \u001b[0;32min\u001b[0m \u001b[0mstr\u001b[0m\u001b[0;34m(\u001b[0m\u001b[0marray\u001b[0m\u001b[0;34m)\u001b[0m\u001b[0;34m]\u001b[0m\u001b[0;34m\u001b[0m\u001b[0;34m\u001b[0m\u001b[0m\n\u001b[0m",
      "\u001b[0;31mTypeError\u001b[0m: 'in <string>' requires string as left operand, not int"
     ]
    }
   ],
   "source": [
    "np.str()\n",
    "array[3 in str(array)]"
   ]
  },
  {
   "cell_type": "code",
   "execution_count": null,
   "id": "2f22f91f",
   "metadata": {},
   "outputs": [],
   "source": []
  },
  {
   "cell_type": "code",
   "execution_count": null,
   "id": "83f07fbb",
   "metadata": {},
   "outputs": [],
   "source": []
  }
 ],
 "metadata": {
  "kernelspec": {
   "display_name": "Python 3 (ipykernel)",
   "language": "python",
   "name": "python3"
  },
  "language_info": {
   "codemirror_mode": {
    "name": "ipython",
    "version": 3
   },
   "file_extension": ".py",
   "mimetype": "text/x-python",
   "name": "python",
   "nbconvert_exporter": "python",
   "pygments_lexer": "ipython3",
   "version": "3.9.13"
  }
 },
 "nbformat": 4,
 "nbformat_minor": 5
}
